4294967279,65
4294967278,177
4294967279,306
4294967279,64
4294967279,63
4294967279,62
4294967279,61
4294967279,60
4294967279,59
4294967279,58
4294967279,56
4294967279,55
40,4
43,4
38,4
4294967278,310
4294967294,430
4294967278,175
4294967278,535
4294967279,350
4294967279,53
4294967279,51
4294967279,345
4294967279,50
4294967279,344
4294967279,49
4294967279,48
4294967279,46
4294967279,157
4294967279,45
4294967279,44
4294967279,41
4294967279,39
4294967279,302
4294967279,38
4294967279,37
4294967279,36
4294967279,33
4294967279,32
4294967279,31
4294967279,30
4294967279,29
4294967279,26
4294967279,25
4294967279,23
4294967279,21
4294967279,20
4294967279,17
4294967279,15
4294967279,13
4294967279,12
4294967279,11
4294967279,10
4294967279,367
4294967278,534
4294967278,557
4294967279,366
4294967278,556
4294967278,555
4294967294,46
4294967294,389
4294967294,390
4294967294,115
4294967279,365
4294967279,169
4294967279,364
4294967278,554
4294967279,167
4294967279,163
45,4
4294967279,164
45,3
45,2
45,1
4294967279,343
4294967278,553
4294967278,552
4294967279,363
4294967278,551
4294967278,538
4294967279,362
4294967279,152
4294967279,150
44,4
44,2
44,1
4294967294,8
4294967294,1
4294967294,471
4294967294,2
4294967279,361
4294967279,346
4294967279,0
4294967294,75
4294967294,7
4294967294,6
4294967294,76
4294967294,41
4294967294,907
4294967294,91
4294967294,87
4294967294,85
4294967294,84
4294967294,923
4294967294,44
4294967279,301
4294967294,426
4294967294,43
4294967294,51
4294967294,967
4294967294,963
4294967294,962
4294967294,960
4294967294,918
4294967294,423
4294967294,190
4294967294,185
4294967294,176
4294967294,173
4294967294,170
4294967294,163
4294967294,162
4294967294,161
4294967294,82
4294967294,92
4294967294,88
4294967294,18
4294967294,127
4294967294,126
4294967294,20
4294967294,13
4294967294,52
4294967294,469
4294967294,972
4294967294,83
4294967278,132
4294967278,131
4294967278,130
4294967278,129
4294967278,128
4294967278,127
4294967278,126
4294967278,125
4294967278,124
4294967278,123
4294967278,122
4294967278,121
4294967278,120
4294967278,119
4294967278,118
4294967278,117
4294967278,116
4294967278,115
4294967278,114
4294967278,113
4294967278,112
4294967278,111
4294967278,110
4294967278,109
4294967278,108
4294967278,107
4294967278,106
4294967278,105
4294967278,104
4294967278,103
4294967278,102
4294967278,101
4294967278,100
4294967278,99
4294967278,98
4294967278,97
4294967278,96
4294967278,95
4294967278,94
4294967278,93
4294967278,92
4294967278,91
4294967278,90
4294967278,89
4294967278,87
4294967278,86
4294967278,85
4294967278,84
4294967278,83
4294967278,82
4294967278,81
4294967278,80
4294967278,79
4294967278,78
4294967278,77
4294967278,76
4294967278,75
4294967278,74
4294967278,73
4294967278,72
4294967278,71
4294967278,70
4294967278,69
4294967278,68
4294967278,67
4294967278,66
4294967278,65
4294967278,64
4294967278,63
4294967278,62
4294967278,61
4294967278,60
4294967278,59
4294967278,58
4294967278,57
4294967278,56
4294967278,550
4294967279,70
4294967279,66
4294967279,57
4294967279,54
4294967279,52
4294967279,47
4294967279,43
4294967279,42
4294967279,40
4294967279,35
4294967279,28
4294967279,27
4294967279,22
4294967279,271
4294967279,19
4294967279,18
4294967279,340
4294967279,16
4294967279,14
4294967279,295
4294967279,9
4294967279,8
4294967279,7
4294967279,6
4294967279,5
4294967279,4
4294967278,0
37,4
4294967294,30
4294967279,34
4294967279,342
4294967279,360
4294967279,359
43,5
4294967294,96
4294967294,94
4294967279,139
43,3
43,2
43,1
4294967279,138
0,7
4294967294,470
4294967294,11
4294967294,965
4294967294,964
4294967294,919
4294967294,917
4294967294,914
4294967294,913
4294967294,909
4294967294,904
4294967294,401
4294967294,50
4294967294,946
4294967294,943
4294967294,942
4294967294,896
4294967294,438
4294967294,830
4294967294,60
4294967294,908
4294967294,186
4294967294,0
4294967294,441
4294967294,17
4294967294,99
4294967294,9
4294967294,107
4294967294,25
4294967294,90
4294967294,86
4294967294,419
4294967294,924
4294967294,953
4294967294,954
4294967294,29
4294967294,28
4294967294,27
4294967294,53
4294967294,393
4294967294,45
4294967294,42
4294967294,22
0,5
4294967279,24
4294967294,969
4294967294,966
4294967294,961
4294967294,921
4294967294,920
4294967294,915
4294967294,912
